HOME: [-0.151780, -0.010007, 0.011533]
START: [7.713223, 2.413014, -0.007905]
ELEVATOR_ENTRANCE: [9.600415, -3.654398, -3.028220]
INSIDE_ELEVATOR: [8.107104, -3.788086, 0.082877]
STOP: [11.085640, -6.004026, 1.583709]
START_DOOR: [-5.636276, -7.178214, -1.564647]
DOOR_HANDLE: [-9.370674, -3.579249, 1.694234]
DOOR_CENTER: [-9.063037, -3.880676, 1.662665]
OTHER_SIDE_OF_DOOR: [-8.553995, -1.895586, -2.105687]
BASKET_HIGH: [-6.130251, -14.591951, -3.108689]
BASKET_LOW: [-8.583026, -14.869140, 0.085754]
SHELF0: [-9.219259, -10.351283, 1.603403]
START_GROCERIES: [-4.297835, -14.940252, -1.469628]
SHELF3: [-5.331097, -10.025537, 1.595826]
SHELF2: [-6.239135, -9.990366, 1.702542]
SHELF1: [-8.198109, -10.208790, 1.720016]
