#[joint1, joint2, joint3, joint4, joint5, joint6, joint7]

# single positions
prepregrasp: [[-1.5091513691305107, -1.6491849487892085, -2.3696059954222668, -1.6160414652896298, 0.52644578912550133, 1.9561455454345944, -2.3656075221199249]]

basket: [[-2.9670597283903604, -0.8796448926209931,  -2.936050837993923,  -1.2844189184296788, -0.28300776944199835,  1.4248695055862213, 1.7720766686888429]]
basket_intermediate: [[-2.358045511018283, -0.62587350974598499, -2.8963332969748086, -1.0414031252080171, -0.075317540604154964, 0.74607801053910527, 1.7676274089092778]]

clean_table: [[-0.30979451218124104, -0.85233150900412624, -0.75848789746317047, 1.1742414391515374, 1.1484365493479147, -1.8510185679681725, 2.1650579791282234]]

bin: [[0.15483184735376296, -1.6552669502383714, -1.5893484544505279, -1.6386709780197377, 0.54470232982471256, 0.89795027672742389, -2.7551820442577277]]

brsu_intermediateback: [[-0.93407345485316373, 0.30716142247674993, -1.7461371281234215, -2.0401477728542567, 0.75996476137404878, 1.5756728976044592, -2.6174300647473809]]
brsu_overtray: [[2.9003584482691562, -0.93348218371462155, -2.4917376762598185, -1.5298746854935716, 0.39913648994416168, 0.70544107732615513, -1.5364961023106996]]
tray_left: [[2.9649943212377403, -1.1940177364469715, -2.7793392246644162, -1.5778146878359864, 0.71051945189800536, 0.84192852064465995, -2.1424705979124412]]
tray_front: [[2.8751743313169995, -1.1957826206578064, -2.7991796733320493, -1.3806984712119095, 0.64952170157011646, 0.96888269122986659, -2.0350906877973309]]
tray_right: [[2.8477490416783886, -1.1416424019491647, -2.8697374319695577, -1.3477466733518384, 0.35091961536618638, 1.750085633384667, -2.0071034251433111]]

teach_object: [[-2.7225290414058416, 1.9642517127788468, -1.4912641908356949, -0.55446612298497377, -0.61339582077423505, 1.8481411021893759, -2.8635804417009418]]

over_crate: [[0.72848459765838658, -1.3157522112032509, -2.2917433103358555, -1.1504265224502428, -0.075656892474489493, 0.90523846066399682, -1.9239974816415268]]

guide_beerbox: [[-1.1960857567205898, -1.0695736658954533, -1.9770859467950546, -1.8103985860810072, -0.33096025315095318, 0.75437707089310202, -1.5378025427241151]]

look_at_table-to-basket: [basket_intermediate, basket]
basket-to-look_at_table: [basket_intermediate, look_at_table]
