joint_names: ['katana_motor1_pan_joint', 'katana_motor2_lift_joint', 'katana_motor3_lift_joint', 'katana_motor4_lift_joint', 'katana_motor5_wrist_roll_joint']
velocity: [0.001, 0.001, 0.001, 0.001, 0.001]

# positions
home: [[-2.9112773692504477, 2.1156471910613472, -2.1556486321117725, -1.9719493470579683, -2.9318804356548496]]
pre_folded: [[-1.5908267070384878, 2.1155810355556706, -2.1555163211004187, -1.9719493470579683, -2.9318804356548496]]
folded: [[-1.5908267070384878, 2.1155810355556706, -2.1555163211004187, 0.9259244389525545, -2.9318804356548496]]
