start_c069: [8.007164, -1.346815, 1.831830]
vc_hall_align: [9.236530, -0.976654, -1.325693]
vc_glass_align: [10.089231, -3.619738, -1.339543]
vc_pre_inter: [10.851196, -6.507138, -1.298745]
vc_post_inter: [12.127125, -10.873804, -1.415012]
